 loop =           0  is type =           0   0.00000000       39.0000000       0.00000000       1.39999998       0.00000000       0.00000000       0.00000000       0.00000000       0.00000000    
 loop =          -1  is type =           1   0.00000000       128.199997       1.14999998      0.779999971       10.8999996       1.80999994      0.704999983       0.00000000       0.00000000    
 WOUT,ITER,FALLOC = T           1 T
