 loop =           0  is type =           0   0.00000000       38.9529991       0.00000000       1.28900003       0.00000000       0.00000000       0.00000000       0.00000000       0.00000000    
 loop =          -1  is type =           1   0.00000000       117.880997       1.17799997      0.768000007     -0.646000028       1.41499996      0.847000003       0.00000000       0.00000000    
 loop =          -1  is type =           2   0.00000000       0.00000000       0.00000000       0.00000000       20.6650009       1.19799995      0.851999998       0.00000000       0.00000000    
 loop =          -1  is type =           3   0.00000000       2.08299994      0.737999976      0.945999980      -1.15900004       0.00000000       0.00000000       0.00000000       0.00000000    
 WOUT,ITER,FALLOC = T           1 T
